{"AlgorithmName": "ArianeEtExtrinsicsMirrorStationCalibration", "AlgorithmVersion": "<No HG commit hash available - Buck build>", "BaroCalibrations": [{"Label": "baro0", "PressureModel": {"Name": "Linear", "OffsetPa": -73.8711, "Slope": 0.9995}, "SerialNumber": ""}], "CalibrationSource": "Factory", "CameraCalibrations": [{"Calibrated": true, "Label": "camera-slam-left", "Projection": {"Description": "see FisheyeRadTanThinPrism.h", "Name": "FisheyeRadTanThinPrism", "Params": [242.33317046873864, 317.755937683318, 240.86822419371197, -0.025829184097333, 0.10064019365870938, -0.06832692101004267, 0.009006861901410099, 0.0026890020661355578, -0.0006320781579071128, -0.0003024488968401553, -0.00039251082263279527, -4.876818852209204e-05, -0.00018096155819869215, -1.3028900129272532e-05, -0.00012019980156589687]}, "SerialNumber": "0072510f1b210005030000181a1e0001", "T_Device_Camera": {"Translation": [3.2959746043559335e-17, -1.3877787807814457e-17, 3.469446951953614e-18], "UnitQuaternion": [1, [0, 0, 0]]}}, {"Calibrated": true, "Label": "camera-slam-right", "Projection": {"Description": "see FisheyeRadTanThinPrism.h", "Name": "FisheyeRadTanThinPrism", "Params": [242.20582285777473, 318.63318029467996, 244.58824516101072, -0.02353342586329281, 0.09229118705410451, -0.0571525438684642, 0.0011042081897181361, 0.005527082965934994, -0.0010361840435660849, 0.00017373565773636307, 0.0014509276869326736, -0.0004918993949282228, 0.00012067407771073695, -0.0016426996068463042, 3.6759104004555305e-05]}, "SerialNumber": "0072510f1b2107010800000e27130001", "T_Device_Camera": {"Translation": [0.003942788114321987, -0.1083868055968378, -0.08487986798650367], "UnitQuaternion": [0.7887518473632424, [0.6138102930742251, 0.002903232718430543, 0.03315144999828677]]}}, {"Calibrated": true, "Label": "camera-et-left", "Projection": {"Description": "fx, fy, cx, cy, kb0, kb1, kb2, kb3", "Name": "KannalaBrandtK3", "Params": [557.4658507119234, 555.9337956674603, 319.5006594012165, 239.50134865532183, 0.04803608475741324, -0.08343537130672052, 0.18181391419043463, -0.2490421180045839]}, "SerialNumber": "4753313331335331303337303030304c", "T_Device_Camera": {"Translation": [0.02069198595051489, -0.011046838294370297, -0.008510882949043539], "UnitQuaternion": [0.22475732749689148, [-0.3787492058172608, -0.8546722605862955, 0.27489727138253045]]}}, {"Calibrated": true, "Label": "camera-et-right", "Projection": {"Description": "fx, fy, cx, cy, kb0, kb1, kb2, kb3", "Name": "KannalaBrandtK3", "Params": [556.3342027853138, 555.2163535796193, 319.49934333299024, 239.50214948404422, 0.036255538604957, 0.024808175656364055, -0.17720266899270162, 0.13214861021991647]}, "SerialNumber": "47533133313353313033373030303052", "T_Device_Camera": {"Translation": [0.024215674641524347, -0.09574780641821365, -0.07544608463372243], "UnitQuaternion": [-0.7440960498162508, [0.472788935835786, 0.46926977417421956, 0.050769772951962326]]}}, {"Calibrated": true, "Label": "camera-rgb", "Projection": {"Description": "see FisheyeRadTanThinPrism.h", "Name": "FisheyeRadTanThinPrism", "Params": [1222.5352103201014, 1466.9474884312076, 1457.529475980366, 0.4059904168858127, -0.4344003619254881, -0.019310257506956516, 1.3750036440805096, -1.8247827817354754, 0.6710179214883261, -4.436625277517352e-05, -0.0005690452684139532, 0.0003369333275157471, -0.0003899968421002823, 0.001191580662453902, -0.0007225718188011538]}, "SerialNumber": "0450577b730102374401100000000000", "T_Device_Camera": {"Translation": [-0.004739028993620295, -0.01210170237081142, -0.005066401891529138], "UnitQuaternion": [0.9436226805582888, [0.32751713217890066, 0.033191206457505645, 0.03474346959061132]]}}], "DeviceClassInfo": {"BuildVersion": "DVT-S", "DeviceClass": "Ariane"}, "FileFormat": {"Tags": [], "Timestamp": "2021-04-27T20:04:10Z", "UnixTime": 1619553850, "Version": 3}, "ImuCalibrations": [{"Accelerometer": {"Bias": {"Name": "Constant", "Offset": [0.27800872491887885, 0.10774890897943658, 0.18917657777587926]}, "Model": {"Name": "Linear", "RectificationMatrix": [[0.9998314200816257, 0.0014178347123000718, -0.0004812884488980353], [0, 0.9980130508782675, -0.005043773679768921], [0, 0, 1.0026006751385275]]}, "TimeOffsetSec_Device_Accel": 0.0026132586434669557}, "Calibrated": false, "Gyroscope": {"Bias": {"Name": "Constant", "Offset": [0.0029377031724720126, 0.00549775495947874, 0.0017345462746377021]}, "Model": {"Name": "Linear", "RectificationMatrix": [[1.0021348362020148, -9.877271625397754e-05, -0.00043509130434914053], [2.853980831027397e-06, 0.9962197534846347, -0.0034952600849960345], [0.0004708018851970413, 0.0024290012245664215, 0.9972577748385748]]}, "TimeOffsetSec_Device_Gyro": 0.004098524699609939}, "Label": "imu-right", "SerialNumber": "rift://", "T_Device_Imu": {"Translation": [0.00470850299957592, -0.10177092475605695, -0.0860705143541842], "UnitQuaternion": [0.6097412819377088, [-0.7866678869154028, -0.06862714019106186, 0.06826067994249138]]}}, {"Accelerometer": {"Bias": {"Name": "Constant", "Offset": [0.14502812199240017, 0.0575963213207526, 0.0013209828027158862]}, "Model": {"Name": "Linear", "RectificationMatrix": [[0.9922746452079368, -0.0006616636536969391, 0.0001499732106619771], [0, 0.9926471194537674, -0.009010418512619056], [0, 0, 0.9998534652651939]]}, "TimeOffsetSec_Device_Accel": 0.0008519162508109265}, "Calibrated": false, "Gyroscope": {"Bias": {"Name": "Constant", "Offset": [-0.0024946415979051457, -0.002387540719869048, -0.0019523148585823304]}, "Model": {"Name": "Linear", "RectificationMatrix": [[1.0018858917137001, 0.0005157905769836345, 0.003755167033499721], [0.00043957323109753376, 0.9995807854429631, -0.009663226550007073], [0.009764109026863598, 0.012284239200421978, 0.9836522633986056]]}, "TimeOffsetSec_Device_Gyro": 0.0018247153686635942}, "Label": "imu-left", "SerialNumber": "rift://", "T_Device_Imu": {"Translation": [0.0007080999544596251, -0.00011070314966598422, -0.006404724169074663], "UnitQuaternion": [0.026907771724089972, [-0.6969980876063867, -0.7156926111912933, 0.035407964924184465]]}}], "MagCalibrations": [{"Bias": {"Name": "Constant", "Offset": [1.64626, -5.46229, -9.87676]}, "Label": "mag0", "Model": {"Name": "Linear", "RectificationMatrix": [[-1.00068e-06, -1.56112e-08, 4.53987e-08], [3.90988e-08, -9.96032e-07, 1.01953e-07], [-4.48573e-08, -9.6719e-08, -9.99113e-07]]}, "SerialNumber": ""}], "MicCalibrations": [{"DSensitivity1KDbv": -32.69, "Label": "mic0", "SerialNumber": "M000"}, {"DSensitivity1KDbv": -32.93, "Label": "mic1", "SerialNumber": "M001"}, {"DSensitivity1KDbv": -32.35, "Label": "mic2", "SerialNumber": "M002"}, {"DSensitivity1KDbv": -32.42, "Label": "mic3", "SerialNumber": "M003"}, {"DSensitivity1KDbv": -33.09, "Label": "mic4", "SerialNumber": "M004"}, {"DSensitivity1KDbv": -31.87, "Label": "mic5", "SerialNumber": "M005"}, {"DSensitivity1KDbv": -30.78, "Label": "mic6", "SerialNumber": "M006"}], "OriginSpecification": {"ChildLabel": "camera-slam-left", "Type": "Custom"}, "Serial": "1WM093700U1171"}